   5.9988500e-01
   5.9736100e-01
   5.9695000e-01
   6.0153400e-01
   5.6883100e-01
   5.5909200e-01
   5.8790200e-01
   5.8732800e-01
   6.0181400e-01
   6.1374200e-01
   5.7952100e-01
   6.2583000e-01
   5.6006700e-01
   5.9467900e-01
   5.7779600e-01
   6.0500400e-01
   6.1959000e-01
   5.6520000e-01
   6.1376900e-01
   6.0398400e-01
   5.7273900e-01
   6.1029400e-01
   5.9388600e-01
   6.0022600e-01
   5.9365600e-01
   5.7961100e-01
   5.7101500e-01
   5.9866300e-01
   5.6347800e-01
   5.8188800e-01
   5.9045500e-01
   5.5697700e-01
   5.7757400e-01
   5.7479800e-01
   5.6838400e-01
   5.8811000e-01
   5.9223300e-01
   6.0608700e-01
   6.0316200e-01
   5.8447000e-01
   5.7445400e-01
   5.7090000e-01
   5.9165300e-01
   5.7589900e-01
   5.8795400e-01
   5.7539600e-01
   5.7826100e-01
   5.7643100e-01
   6.0434800e-01
   5.7902000e-01
   5.6671500e-01
   5.8611000e-01
   5.9964400e-01
   5.8238400e-01
   5.9052200e-01
   5.9059200e-01
   5.8115200e-01
   5.5510200e-01
   5.4724900e-01
   5.8861600e-01
   6.0035000e-01
   5.9916800e-01
   5.7177300e-01
   6.1378700e-01
   6.0695900e-01
   5.8957600e-01
   5.7981900e-01
   5.5394400e-01
   5.8728900e-01
   5.8563700e-01
   5.9420100e-01
   5.8916300e-01
   6.0734400e-01
   5.6013000e-01
   5.9916600e-01
   5.5962900e-01
   6.1295600e-01
   5.8135400e-01
   5.8577600e-01
   5.7530800e-01
   5.7653000e-01
   5.8077100e-01
   5.6341400e-01
   5.7563000e-01
   5.8449200e-01
   5.6146800e-01
   5.6405400e-01
   6.0612500e-01
   5.7896900e-01
   6.1688100e-01
   5.9500500e-01
   5.7894500e-01
   5.5409400e-01
   5.9005300e-01
   5.8062100e-01
   5.7668000e-01
   5.6231400e-01
   5.9731700e-01
   5.7295800e-01
   5.7519700e-01
   6.0417200e-01
   5.8970900e-01
   5.8514900e-01
   5.5879500e-01
   5.7140400e-01
   5.8345900e-01
   5.6082400e-01
   5.8564900e-01
   5.7479800e-01
   5.9836500e-01
   5.9245000e-01
   5.8370800e-01
   6.0433200e-01
   6.0190300e-01
   5.8781200e-01
   6.2223500e-01
   5.6791400e-01
   5.8348900e-01
   5.8017500e-01
   5.9631500e-01
   5.7628500e-01
   6.3001200e-01
   6.1953500e-01
   6.1541400e-01
   5.7766100e-01
   5.8753800e-01
   5.6529500e-01
   5.7921000e-01
   5.8541400e-01
   6.2012500e-01
   5.5248700e-01
   5.7563000e-01
   5.5469000e-01
   6.0151500e-01
   5.7998700e-01
   5.4601700e-01
   5.8861500e-01
   6.0201500e-01
   6.0391300e-01
   5.8724400e-01
   5.9666300e-01
   5.9896200e-01
   5.8620400e-01
   6.0546700e-01
   5.7129500e-01
   5.7013100e-01
   5.7972100e-01
   5.6668500e-01
   5.8427500e-01
   5.7556700e-01
   6.2780600e-01
   5.8816700e-01
   5.9717000e-01
   6.0603500e-01
   6.0983300e-01
   5.6638100e-01
   5.8823600e-01
   6.2681900e-01
   5.7927300e-01
   5.8932200e-01
   5.9001200e-01
   5.6459400e-01
   6.2398500e-01
   5.6496300e-01
   6.0411300e-01
   5.7281400e-01
   5.8157200e-01
   5.6672200e-01
   5.9393800e-01
   5.8776200e-01
   5.9982500e-01
   5.6411600e-01
   5.6698600e-01
   5.7054400e-01
   6.0901300e-01
   6.1160500e-01
   6.1897900e-01
   5.9627900e-01
   5.8598400e-01
   5.5583500e-01
   5.9817900e-01
   5.9147900e-01
   5.9657000e-01
   5.9911400e-01
   5.7408000e-01
   5.9456800e-01
   5.6994200e-01
   6.0638300e-01
   5.8918500e-01
   6.0142500e-01
   6.3098100e-01
   5.9277300e-01
   5.9093700e-01
   5.6960900e-01
   5.6933600e-01
   5.5568100e-01
   6.1372900e-01
   5.8219200e-01
   5.8846800e-01
   6.1160000e-01
   5.8903200e-01
   6.1506200e-01
   5.9520400e-01
   5.9425700e-01
   5.9026000e-01
   5.9206000e-01
   6.0145200e-01
   5.6654100e-01
   5.8208500e-01
   5.7566300e-01
   5.8665300e-01
   6.0978300e-01
   5.9113700e-01
   5.7033300e-01
   5.7493300e-01
   5.8664600e-01
   5.9201400e-01
   6.0793700e-01
   6.0243400e-01
   5.9388500e-01
   5.6810700e-01
   5.8730200e-01
   5.9927500e-01
   5.7752100e-01
   5.8164900e-01
   5.9001800e-01
   5.8239400e-01
   5.8265100e-01
   5.8352800e-01
   5.6542800e-01
   5.7541600e-01
   5.8614400e-01
   5.9370900e-01
   6.2132500e-01
   5.3709800e-01
   6.0697300e-01
   6.0212900e-01
   5.6124300e-01
   5.8700000e-01
   5.8165600e-01
   5.9826600e-01
   5.8104500e-01
   5.6696900e-01
   5.8856200e-01
   5.8959500e-01
   5.8289800e-01
   5.8269500e-01
   5.7478100e-01
   5.9887000e-01
   5.7638500e-01
   6.1404900e-01
   5.5869800e-01
   5.7992800e-01
   6.0745300e-01
   5.7997500e-01
   5.9310100e-01
   5.7156500e-01
   5.9571300e-01
   5.8327500e-01
   5.6490600e-01
   5.8251000e-01
   5.5797700e-01
   6.0009100e-01
   5.9446500e-01
   5.7242900e-01
   5.9972500e-01
   5.8091600e-01
   5.5166000e-01
   6.0784900e-01
   6.0390000e-01
   5.8417100e-01
   5.7515600e-01
   6.0667700e-01
   5.8100600e-01
   5.8131300e-01
   5.8877600e-01
   5.6928200e-01
   5.8510200e-01
   5.5396900e-01
   5.7508700e-01
   5.8752900e-01
   5.9684800e-01
   5.9418800e-01
   5.6314400e-01
   6.0074100e-01
   5.7157200e-01
   5.9955600e-01
   5.7581500e-01
   5.9492800e-01
   6.0473500e-01
   5.8468800e-01
   6.1206300e-01
   5.8262500e-01
   6.1782700e-01
   5.9324500e-01
   5.8503800e-01
   6.1936200e-01
   5.9215700e-01
   5.8126600e-01
   5.8531400e-01
   5.7942100e-01
   6.1549600e-01
   5.8436200e-01
   5.8659200e-01
   5.8144900e-01
   6.1389300e-01
   6.0201100e-01
   5.8934600e-01
   5.9645700e-01
   6.2713600e-01
   5.9871400e-01
   6.0684300e-01
   5.8386800e-01
   5.9411000e-01
   5.8858000e-01
   5.8148700e-01
   6.1508400e-01
   5.7230800e-01
   5.8903100e-01
   6.0162900e-01
   5.8463500e-01
   5.9257800e-01
   5.7466900e-01
   5.9562600e-01
   6.0195500e-01
   5.7755200e-01
   6.1213300e-01
   5.5937200e-01
   5.8816000e-01
   5.8933500e-01
   5.6377800e-01
   5.9348000e-01
   5.9201800e-01
   5.9878800e-01
   6.0616300e-01
   5.7157900e-01
   5.4768100e-01
   6.2107300e-01
   5.9582700e-01
   5.9458700e-01
   5.8651300e-01
   5.9747600e-01
   5.9469900e-01
   6.0798300e-01
   5.7234400e-01
   5.8473100e-01
   6.1587700e-01
   5.9849200e-01
   5.8072600e-01
   5.8453600e-01
   5.7663700e-01
   5.6281300e-01
   6.0285800e-01
   5.7966200e-01
   5.8860500e-01
   6.1481200e-01
   5.7431100e-01
   6.2262600e-01
   6.0362700e-01
   5.9563600e-01
   5.9250500e-01
   5.8334000e-01
   5.7313800e-01
   5.7494100e-01
   5.8521200e-01
   5.6216700e-01
   6.0257700e-01
   5.8658900e-01
   6.1068400e-01
   5.8032800e-01
   6.1006800e-01
   5.8178900e-01
   5.9566400e-01
   5.9524800e-01
   5.9721100e-01
   6.0257100e-01
   5.8734900e-01
   6.0466100e-01
   5.7615600e-01
   5.7375800e-01
   5.8334400e-01
   5.9222500e-01
   5.7681200e-01
   5.8021000e-01
   6.0005200e-01
   5.8511700e-01
   6.0325400e-01
   5.9946000e-01
   5.7069700e-01
   5.9000900e-01
   6.2311100e-01
   5.7458800e-01
   5.8067700e-01
   5.7628400e-01
   5.6023700e-01
   6.0417900e-01
   6.1724400e-01
   6.0638800e-01
   5.8951000e-01
   5.8784100e-01
   5.8055900e-01
   5.6181700e-01
   5.7195100e-01
   6.1283400e-01
   5.9891200e-01
   5.6485900e-01
   5.9445700e-01
   6.0542100e-01
   5.9721000e-01
   5.6468700e-01
   5.9338400e-01
   5.5533100e-01
   5.8407400e-01
   6.0344300e-01
   5.9183600e-01
   5.6201300e-01
   5.9381400e-01
   5.7832500e-01
   5.9307600e-01
   5.8006800e-01
   5.6664900e-01
   5.8870900e-01
   5.7890900e-01
   5.8185900e-01
   5.6848400e-01
   5.6629500e-01
   5.6016200e-01
   5.7189600e-01
   6.1374500e-01
   5.7199900e-01
   6.0051500e-01
   5.9383100e-01
   5.8257500e-01
   5.8670700e-01
   5.7710000e-01
   6.0305400e-01
   5.5773200e-01
   6.3488400e-01
   5.8321100e-01
   5.8188600e-01
   5.9746600e-01
   5.6596800e-01
   5.9719400e-01
   5.6856000e-01
   5.9747900e-01
   5.9037000e-01
   5.8027000e-01
   5.9841400e-01
   6.2818300e-01
   5.6827900e-01
   5.7390900e-01
   5.8238900e-01
   5.8805600e-01
   5.5948300e-01
   5.6697800e-01
   6.0128500e-01
   5.8759500e-01
   5.9099100e-01
   6.1880800e-01
   5.9384600e-01
   6.0174900e-01
   5.8085300e-01
   5.7465700e-01
   5.9295600e-01
   5.9616300e-01
   5.9630600e-01
   6.0834100e-01
   6.0171200e-01
   5.7957000e-01
   5.9534600e-01
   6.0445300e-01
   5.5661100e-01
   5.6820700e-01
   5.8597100e-01
   5.9184600e-01
   6.0873600e-01
   6.0570800e-01
   6.1630200e-01
   5.7128700e-01
   5.9839300e-01
   5.9229100e-01
   5.8692800e-01
   6.1885900e-01
   5.7871600e-01
   5.7907100e-01
   5.9595100e-01
   6.0553500e-01
   5.5281000e-01
   5.9845300e-01
   5.7768400e-01
   5.6696700e-01
   5.9938900e-01
   5.8129400e-01
   5.8562400e-01
   5.7377300e-01
   5.8051800e-01
   6.1356600e-01
   6.0389300e-01
   6.1091500e-01
   6.1426500e-01
   5.9685800e-01
   5.9904900e-01
   5.8040500e-01
   5.6815100e-01
   5.9637300e-01
   6.0226600e-01
   5.7809100e-01
   5.8081400e-01
   5.8047200e-01
   5.6422600e-01
   5.8754800e-01
   5.8000700e-01
   5.9665500e-01
   6.1743000e-01
   5.8245700e-01
   6.0212800e-01
   5.8582500e-01
   5.6327100e-01
   5.9028700e-01
   5.9836600e-01
   5.8795600e-01
   6.0063500e-01
   6.0514000e-01
   5.6843400e-01
   6.0728700e-01
   5.7571300e-01
   5.9939200e-01
   6.1367900e-01
   5.7640200e-01
   6.1782000e-01
   6.0659300e-01
   6.1212600e-01
   5.9638300e-01
   5.8817300e-01
   6.2666600e-01
   5.8130500e-01
   5.8570600e-01
   5.8868400e-01
   5.6898500e-01
   5.9698600e-01
   5.9165400e-01
   6.1116700e-01
   6.0260000e-01
   5.8300500e-01
   5.8911900e-01
   6.0075700e-01
   5.9798900e-01
   6.0566100e-01
   5.9579500e-01
   5.7377800e-01
   5.8052500e-01
   5.7988600e-01
   6.2594800e-01
   5.8934700e-01
   6.2169400e-01
   5.9963800e-01
   5.9384500e-01
   6.0488700e-01
   5.7357100e-01
   5.8106400e-01
   5.8483800e-01
   5.8682600e-01
   5.8417000e-01
   5.8693000e-01
   5.9491400e-01
   6.0956800e-01
   5.6838900e-01
   5.7764700e-01
   5.5952900e-01
   5.9184800e-01
   5.9722900e-01
   5.8069000e-01
   5.8601800e-01
   6.1365700e-01
   5.8589400e-01
   5.8968800e-01
   5.8936200e-01
   5.7114900e-01
   6.0504300e-01
   6.0226100e-01
   5.7728400e-01
   5.9349400e-01
   6.1197300e-01
   5.8658600e-01
   5.8990900e-01
   6.1475200e-01
   5.8257100e-01
   5.9500800e-01
   5.8547100e-01
   5.9619600e-01
   5.5942900e-01
   5.9995900e-01
   6.1501900e-01
   6.0095300e-01
   5.4493100e-01
   5.6130800e-01
   5.8945300e-01
   5.9048900e-01
   5.8615500e-01
   5.8752500e-01
   5.7788000e-01
   5.6706000e-01
   6.1611900e-01
   5.8740700e-01
   5.9191800e-01
   6.0131900e-01
   5.5013400e-01
   5.9497600e-01
   5.7484300e-01
   6.1987000e-01
   6.2017200e-01
   6.0706400e-01
   5.9801500e-01
   5.8503100e-01
   6.0183800e-01
   6.1267300e-01
   6.0377400e-01
   5.5891900e-01
   5.9498800e-01
   5.7777000e-01
   6.0097400e-01
   5.7498400e-01
   5.9024600e-01
   5.9706500e-01
   5.9517500e-01
   5.8974200e-01
   5.7239700e-01
   5.6138000e-01
   5.7892700e-01
   5.8132700e-01
   5.8254800e-01
   5.9999800e-01
   5.8232800e-01
   5.5324600e-01
   5.9389300e-01
   6.3630400e-01
   5.8790900e-01
   5.8032500e-01
   5.8175300e-01
   6.0508900e-01
   6.0770700e-01
   6.0829200e-01
   5.7564700e-01
   5.9340700e-01
   5.6401900e-01
   6.0671700e-01
   5.8840800e-01
   5.8365000e-01
   5.7849100e-01
   5.8640900e-01
   5.9544500e-01
   5.5358900e-01
   5.7014700e-01
   5.4069400e-01
   5.7454400e-01
   5.9048300e-01
   5.8740600e-01
   5.8680000e-01
   6.0234500e-01
   5.8333500e-01
   5.7664300e-01
   6.0206200e-01
   5.5296500e-01
   5.6243700e-01
   6.0498800e-01
   5.9148600e-01
   5.6053600e-01
   6.2237800e-01
   6.1078000e-01
   6.0925800e-01
   5.8708700e-01
   6.0023700e-01
   5.7208800e-01
   5.7455300e-01
   5.8061800e-01
   6.0623900e-01
   5.9694600e-01
   5.8535200e-01
   5.9114800e-01
   6.0479800e-01
   6.0310100e-01
   5.5668700e-01
   5.6962100e-01
   5.7578300e-01
   5.9258200e-01
   5.8557200e-01
   5.9194900e-01
   5.8273600e-01
   5.6184700e-01
   5.8519100e-01
   6.0124600e-01
   5.7162400e-01
   5.7724900e-01
   5.6670600e-01
   5.8253000e-01
   6.2625600e-01
   6.0079900e-01
   5.8076900e-01
   5.6999800e-01
   6.0004600e-01
   5.6933000e-01
   5.6504000e-01
   5.9449500e-01
   5.6539000e-01
   5.8072700e-01
   5.6641400e-01
   6.0565800e-01
   5.8717800e-01
   5.9551300e-01
   5.5726200e-01
   5.7255100e-01
   5.9855400e-01
   5.7418600e-01
   5.7337400e-01
   5.9339300e-01
   5.5991500e-01
   6.0695300e-01
   6.3299500e-01
   6.1433600e-01
   6.0833600e-01
   5.8166400e-01
   6.0993800e-01
   5.9726800e-01
   5.6724400e-01
   5.8261600e-01
   5.9095300e-01
   5.8119200e-01
   5.9054000e-01
   5.7893500e-01
   5.9819400e-01
   5.8815000e-01
   5.7349500e-01
   5.6874900e-01
   6.0207900e-01
   5.8879300e-01
   6.0556700e-01
   5.8436800e-01
   5.9817400e-01
   5.9327700e-01
   5.9138600e-01
   5.8119800e-01
   6.0122100e-01
   5.6681700e-01
   5.7738600e-01
   6.1922800e-01
   5.7568100e-01
   5.6882800e-01
   6.2927000e-01
   5.8024800e-01
   6.0277900e-01
   5.8933700e-01
   5.9460300e-01
   5.7739700e-01
   5.8190900e-01
   5.7510200e-01
   5.6243200e-01
   5.9571900e-01
   6.0416800e-01
   6.1105400e-01
   5.6963000e-01
   5.8285100e-01
   6.0423300e-01
   5.7411600e-01
   5.7427700e-01
   5.9607600e-01
   6.0648800e-01
   6.0124800e-01
   5.9194400e-01
   5.9676600e-01
   5.8263100e-01
   5.6789700e-01
   6.0285700e-01
   5.7855800e-01
   5.8227000e-01
   5.7043500e-01
   5.7835100e-01
   5.6090100e-01
   5.9610300e-01
   5.4872200e-01
   5.8528500e-01
   6.1851400e-01
   5.6409500e-01
   5.9678400e-01
   5.6392800e-01
   6.1612000e-01
   5.7222200e-01
   6.0034000e-01
   5.9168000e-01
   5.9764800e-01
   6.1714200e-01
   5.6499000e-01
   5.9178900e-01
   6.2519800e-01
   5.9101900e-01
   6.0811600e-01
   5.8571100e-01
   5.7174800e-01
   5.9113400e-01
   6.0595100e-01
   5.9329400e-01
   5.6751500e-01
   5.9285400e-01
   5.9354500e-01
   5.7454900e-01
   5.8898400e-01
   6.2037200e-01
   6.0091000e-01
   5.9084500e-01
   5.8173100e-01
   5.9711900e-01
   5.8212600e-01
   6.0311700e-01
   5.7400500e-01
   5.8049400e-01
   5.6629300e-01
   5.7163800e-01
   5.5235000e-01
   5.9191500e-01
   6.0072500e-01
   5.8242200e-01
   5.7152400e-01
   5.5921100e-01
   5.6996000e-01
   5.5018600e-01
   6.0441700e-01
   5.9933000e-01
   5.8673700e-01
   5.7816800e-01
   5.9103400e-01
   5.5435000e-01
   5.7954700e-01
   5.7733600e-01
   5.5495200e-01
   6.0651600e-01
   5.9005300e-01
   5.8857300e-01
   5.8130500e-01
   5.8381600e-01
   5.7130000e-01
   5.8505400e-01
   6.1323600e-01
   5.8877100e-01
   5.9566500e-01
   5.7685900e-01
   5.9224000e-01
   5.5724300e-01
   5.9176100e-01
   5.8083300e-01
   5.7240000e-01
   5.9002400e-01
   5.6985600e-01
   5.7160700e-01
   5.9272900e-01
   5.8086900e-01
   6.1434100e-01
   5.5487100e-01
   5.8887800e-01
   5.5440000e-01
   5.7717000e-01
   5.7994500e-01
   5.5816100e-01
   5.7873600e-01
   5.4453600e-01
   5.6222200e-01
   5.5945100e-01
   5.9059900e-01
   5.8883400e-01
   5.9790300e-01
   6.0033300e-01
   6.0291600e-01
   5.7757200e-01
   5.9723700e-01
   5.9186900e-01
   6.0376600e-01
   5.8762400e-01
   5.7753100e-01
   5.8943600e-01
   5.4858000e-01
   5.7935900e-01
   5.9076300e-01
   5.8680400e-01
   6.0135500e-01
   6.1392100e-01
   5.8101200e-01
   5.6196700e-01
   5.9170700e-01
   6.2798000e-01
   5.6838200e-01
   6.0860700e-01
   5.9966000e-01
   5.3709000e-01
   5.8108500e-01
   5.9999600e-01
   5.9716200e-01
   5.6934000e-01
   5.4420700e-01
   6.0203200e-01
   5.8283700e-01
   5.8481600e-01
   5.7121800e-01
   6.0135900e-01
   5.6835600e-01
   6.2955700e-01
   5.7322500e-01
   5.8515200e-01
   5.5653100e-01
   6.0696300e-01
   5.8684900e-01
   5.9045900e-01
   5.7032100e-01
   6.1216500e-01
   6.0762500e-01
   5.9583900e-01
   6.0574300e-01
   6.1011400e-01
   5.7890100e-01
   5.9414400e-01
   5.9719000e-01
   5.9736100e-01
   6.1255700e-01
   6.0196500e-01
   5.8822200e-01
   5.9875700e-01
   6.1346000e-01
   5.8473000e-01
   5.9266700e-01
   6.0630700e-01
   6.0707600e-01
   6.2337400e-01
   6.2636200e-01
   6.2672200e-01
   6.4274400e-01
   6.5944300e-01
   6.5006000e-01
   6.0876600e-01
   5.9968600e-01
   6.0715000e-01
   6.3501000e-01
   6.2138200e-01
   6.1298000e-01
   6.2864300e-01
   6.0896500e-01
   6.4620100e-01
   6.2831300e-01
   6.3830700e-01
   6.4902800e-01
   6.1677500e-01
   6.3304300e-01
   6.4973000e-01
   6.6366000e-01
   6.4491000e-01
   6.5604000e-01
   6.4248800e-01
   6.8162400e-01
   6.7892100e-01
   7.1837000e-01
   6.5886700e-01
   6.4312100e-01
   6.5930300e-01
   6.7837500e-01
   6.6530200e-01
   6.1211800e-01
   6.9889800e-01
   6.9216800e-01
   6.9546400e-01
   6.6482900e-01
   7.0512500e-01
   6.9805700e-01
   7.2437300e-01
   7.1019100e-01
   7.1748800e-01
   7.0123600e-01
   7.2375000e-01
   7.1178500e-01
   7.1047600e-01
   7.1171000e-01
   7.4902400e-01
   7.1252100e-01
   7.0432900e-01
   7.4742600e-01
   7.3569800e-01
   7.3238300e-01
   7.3086700e-01
   7.3999200e-01
   7.3709400e-01
   7.5902200e-01
   7.4446200e-01
   7.3146500e-01
   7.2570100e-01
   7.1545100e-01
   7.3790500e-01
   7.7592500e-01
   7.4800600e-01
   7.4133300e-01
   7.5895600e-01
   7.9193200e-01
   7.7084100e-01
   7.7029700e-01
   7.6601900e-01
   7.8838100e-01
   7.9535500e-01
   7.6972400e-01
   8.0942100e-01
   7.9073200e-01
   8.1056900e-01
   7.9469700e-01
   8.0144700e-01
   8.3479800e-01
   8.2421600e-01
   8.3256100e-01
   8.2082300e-01
   8.2809300e-01
   8.2159000e-01
   8.3876000e-01
   8.4085600e-01
   8.1861400e-01
   8.2627100e-01
   8.4826400e-01
   8.5339200e-01
   8.1936900e-01
   8.5737300e-01
   8.7733600e-01
   8.4392800e-01
   8.4559100e-01
   8.4870100e-01
   8.6036800e-01
   8.9089300e-01
   8.8825800e-01
   8.6782100e-01
   8.8524300e-01
   9.0610100e-01
   8.8895400e-01
   9.2519000e-01
   8.8544000e-01
   8.9120800e-01
   9.0933800e-01
   9.0470300e-01
   9.0232500e-01
   9.3461500e-01
   9.0265100e-01
   9.3189200e-01
   9.0379000e-01
   9.3916800e-01
   9.5266500e-01
   9.5575500e-01
   9.3251400e-01
   9.5721700e-01
   9.7671600e-01
   9.4753300e-01
   9.3953200e-01
   9.6669800e-01
   9.8831100e-01
   9.8135900e-01
   9.6906200e-01
   9.6188800e-01
   9.5965200e-01
   9.9007500e-01
   9.9655000e-01
   1.0056860e+00
   9.9881200e-01
   1.0223620e+00
   1.0164320e+00
   1.0204960e+00
   1.0159740e+00
   1.0327680e+00
   1.0333870e+00
   1.0276230e+00
   1.0488830e+00
   1.0093390e+00
   1.0704960e+00
   1.0754160e+00
   1.0598840e+00
   1.0737680e+00
   1.0819890e+00
   1.0666320e+00
   1.0705060e+00
   1.0911910e+00
   1.0541500e+00
   1.0890050e+00
   1.0872310e+00
   1.0964950e+00
   1.0867730e+00
   1.0996390e+00
   1.0852520e+00
   1.1217380e+00
   1.1380650e+00
   1.1024990e+00
   1.1475100e+00
   1.1195490e+00
   1.1393350e+00
   1.1313590e+00
   1.1465020e+00
   1.1653700e+00
   1.1363490e+00
   1.1626180e+00
   1.1838630e+00
   1.1687790e+00
   1.1944150e+00
   1.1696000e+00
   1.1525810e+00
   1.2056180e+00
   1.2070960e+00
   1.1998880e+00
   1.2075250e+00
   1.1813680e+00
   1.1930890e+00
   1.2165980e+00
   1.2060330e+00
   1.2559340e+00
   1.2053150e+00
   1.2402520e+00
   1.2376530e+00
   1.2090100e+00
   1.2552830e+00
   1.2316180e+00
   1.2408500e+00
   1.2487430e+00
   1.2664810e+00
   1.2707560e+00
   1.2633550e+00
   1.2946680e+00
   1.2829610e+00
   1.2482800e+00
   1.3237870e+00
   1.2718680e+00
   1.3068860e+00
   1.2893720e+00
   1.2715550e+00
   1.3197690e+00
   1.3113570e+00
   1.3256700e+00
   1.3137730e+00
   1.3285730e+00
   1.3356400e+00
   1.3555590e+00
   1.3535150e+00
   1.3518390e+00
   1.3782910e+00
   1.3896930e+00
   1.3789990e+00
   1.3877950e+00
   1.3961620e+00
   1.3949700e+00
   1.3946960e+00
   1.4188670e+00
   1.4127440e+00
   1.3948740e+00
   1.4090650e+00
   1.3904210e+00
   1.3996340e+00
   1.4171530e+00
   1.4304670e+00
   1.4395750e+00
   1.4398780e+00
   1.4637910e+00
   1.4476960e+00
   1.4489090e+00
   1.4644230e+00
   1.4883200e+00
   1.4598390e+00
   1.4670230e+00
   1.4761370e+00
   1.4645110e+00
   1.4899350e+00
   1.4517970e+00
   1.4948090e+00
   1.4868570e+00
   1.4923110e+00
   1.5104720e+00
   1.4908190e+00
   1.5514570e+00
   1.5288790e+00
   1.5113290e+00
   1.5401870e+00
   1.5561160e+00
   1.5494450e+00
   1.5097250e+00
   1.5673930e+00
   1.5903050e+00
   1.5484110e+00
   1.5568960e+00
   1.5555160e+00
   1.5768580e+00
   1.5862560e+00
   1.5874610e+00
   1.6112860e+00
   1.6176910e+00
   1.6086170e+00
   1.6196590e+00
   1.6094830e+00
   1.6217020e+00
   1.6138800e+00
   1.6402320e+00
   1.6589390e+00
   1.6332410e+00
   1.6559980e+00
   1.6740280e+00
   1.6267990e+00
   1.6623010e+00
   1.6425180e+00
   1.7027880e+00
   1.7003370e+00
   1.6672220e+00
   1.6910360e+00
   1.7195220e+00
   1.7179170e+00
   1.6830690e+00
   1.7049240e+00
   1.7289640e+00
   1.7128710e+00
   1.7137370e+00
   1.7390220e+00
   1.7665870e+00
   1.7357360e+00
   1.7619120e+00
   1.7470210e+00
   1.7599910e+00
   1.7868130e+00
   1.7736370e+00
   1.7816210e+00
   1.7664910e+00
   1.8115040e+00
   1.7716250e+00
   1.8001800e+00
   1.8161270e+00
   1.8090580e+00
   1.8319140e+00
   1.8007920e+00
   1.8288750e+00
   1.8202920e+00
   1.8500420e+00
   1.8229560e+00
   1.8271170e+00
   1.8466470e+00
   1.8123990e+00
   1.8632810e+00
   1.8770830e+00
   1.8835220e+00
   1.8748990e+00
   1.8971200e+00
   1.8749640e+00
   1.9096790e+00
   1.9089780e+00
   1.9164070e+00
   1.9050000e+00
   1.9237040e+00
   1.9035480e+00
   1.9545970e+00
   1.9066470e+00
   1.9347300e+00
   1.9399930e+00
   1.9465050e+00
   1.9683330e+00
   1.9716660e+00
   1.9409130e+00
   1.9632320e+00
   1.9838990e+00
   1.9925210e+00
   1.9998230e+00
   1.9690720e+00
   2.0156740e+00
   1.9781030e+00
   2.0213620e+00
   2.0404550e+00
   2.0431120e+00
   2.0169870e+00
   2.0215710e+00
   2.0508150e+00
   2.0267740e+00
   2.0434590e+00
   2.0757700e+00
   2.0406430e+00
   2.0518030e+00
   2.1125260e+00
   2.0603110e+00
   2.0898530e+00
   2.0668910e+00
   2.1072290e+00
   2.1014690e+00
   2.1162280e+00
   2.0981740e+00
   2.1149020e+00
   2.1105460e+00
   2.0804010e+00
   2.1014730e+00
   2.1276990e+00
   2.1510030e+00
   2.1467540e+00
   2.1477200e+00
   2.1404710e+00
   2.1306180e+00
   2.1636530e+00
   2.1844310e+00
   2.1561370e+00
   2.1780960e+00
   2.1855070e+00
   2.1761760e+00
   2.1807050e+00
   2.1970660e+00
   2.2558050e+00
   2.2169520e+00
   2.2602800e+00
   2.2174410e+00
   2.2174140e+00
   2.2137040e+00
   2.2302450e+00
   2.2616150e+00
   2.2585150e+00
   2.2786290e+00
   2.2215410e+00
   2.2768980e+00
   2.2798860e+00
   2.2435890e+00
   2.2611420e+00
   2.3233170e+00
   2.3042390e+00
   2.3138330e+00
   2.3159050e+00
   2.2998430e+00
   2.2657210e+00
   2.3096350e+00
   2.3627390e+00
   2.3408450e+00
   2.3231000e+00
   2.3411740e+00
   2.3404630e+00
   2.3663580e+00
   2.3490180e+00
   2.3641270e+00
   2.3755220e+00
   2.3821310e+00
   2.3782870e+00
   2.4005030e+00
   2.3448520e+00
   2.4279740e+00
   2.4221710e+00
   2.3905000e+00
   2.4181820e+00
   2.4097190e+00
   2.4480240e+00
   2.4358310e+00
   2.4437860e+00
   2.4502650e+00
   2.4335360e+00
   2.4443460e+00
   2.4468780e+00
   2.4663900e+00
   2.4930540e+00
   2.4581680e+00
   2.4671370e+00
   2.4404920e+00
   2.5173530e+00
   2.4928670e+00
   2.5176260e+00
   2.4908100e+00
   2.5165490e+00
   2.5037490e+00
   2.5056860e+00
   2.5437330e+00
   2.5247440e+00
   2.5289270e+00
   2.5360340e+00
   2.5338840e+00
   2.5433770e+00
   2.5171220e+00
   2.5680350e+00
   2.5677530e+00
   2.5962100e+00
   2.5681910e+00
   2.5631700e+00
   2.6099810e+00
   2.6203140e+00
   2.5843350e+00
   2.6557170e+00
   2.6243690e+00
   2.6304150e+00
   2.6130470e+00
   2.6606330e+00
   2.6541060e+00
   2.6171650e+00
   2.6233120e+00
   2.6881080e+00
   2.6549140e+00
   2.6792170e+00
   2.6551290e+00
   2.6862360e+00
   2.7002860e+00
   2.7017930e+00
   2.6752140e+00
   2.7108750e+00
   2.7433170e+00
   2.7184500e+00
   2.7095650e+00
   2.7448810e+00
   2.7289040e+00
   2.7451130e+00
   2.7513800e+00
   2.7341860e+00
   2.7631050e+00
   2.7623520e+00
   2.7818270e+00
   2.7718400e+00
   2.7903290e+00
   2.7901580e+00
   2.8017670e+00
   2.7957660e+00
   2.7971970e+00
   2.8144740e+00
   2.8126500e+00
   2.8079860e+00
   2.8215170e+00
   2.8272180e+00
   2.8353120e+00
   2.8625800e+00
   2.8419350e+00
   2.8318780e+00
   2.8851830e+00
   2.8775750e+00
   2.8513220e+00
   2.8886510e+00
   2.8920090e+00
   2.8617900e+00
   2.8747010e+00
   2.9017320e+00
   2.9023360e+00
   2.8856420e+00
   2.9159300e+00
   2.8920480e+00
   2.8847580e+00
   2.9166500e+00
   2.9225760e+00
   2.9396560e+00
   2.9470340e+00
   2.9567740e+00
   2.9972090e+00
   2.9789630e+00
   2.9998020e+00
   2.9893040e+00
   2.9437600e+00
   3.0193720e+00
   3.0273800e+00
   3.0015520e+00
   3.0143020e+00
   3.0168380e+00
   3.0017140e+00
   3.0130950e+00
   3.0516970e+00
   3.0273030e+00
   3.0579880e+00
   3.0428080e+00
   3.0745010e+00
   3.0332130e+00
   3.0991830e+00
   3.0807420e+00
   3.0653190e+00
   3.0719540e+00
   3.1058520e+00
   3.1102600e+00
   3.0919320e+00
   3.0983180e+00
   3.1197250e+00
   3.1325370e+00
   3.1172430e+00
   3.1194350e+00
   3.1336470e+00
   3.1270550e+00
   3.1300960e+00
   3.1359110e+00
   3.1736170e+00
   3.1490460e+00
   3.1654800e+00
   3.1671220e+00
   3.1977670e+00
   3.1555090e+00
   3.2180490e+00
   3.1889700e+00
   3.1955760e+00
   3.1890450e+00
   3.2200440e+00
   3.2002630e+00
   3.2486420e+00
   3.2182680e+00
   3.2363000e+00
   3.2239920e+00
   3.2445970e+00
   3.2174650e+00
   3.2686720e+00
   3.2585980e+00
   3.2533880e+00
   3.2924450e+00
   3.2651750e+00
   3.2618980e+00
   3.2900390e+00
   3.3003870e+00
   3.3164350e+00
   3.3143950e+00
   3.2791000e+00
   3.2978070e+00
   3.3062590e+00
   3.2935600e+00
   3.3040020e+00
   3.3176910e+00
   3.2861820e+00
   3.2845560e+00
   3.3099170e+00
   3.2821800e+00
   3.2830320e+00
   3.2789530e+00
   3.3209240e+00
   3.2915150e+00
   3.2843000e+00
   3.3095630e+00
   3.2837490e+00
   3.3059840e+00
   3.3210140e+00
   3.3070560e+00
   3.2762460e+00
   3.3034180e+00
   3.3146910e+00
   3.2900800e+00
   3.3071250e+00
   3.2800600e+00
   3.2981680e+00
   3.2927180e+00
   3.2947220e+00
   3.2956530e+00
   3.3265470e+00
   3.2872480e+00
   3.2782050e+00
   3.2910020e+00
   3.2918140e+00
   3.3121730e+00
   3.3290370e+00
   3.2731970e+00
   3.2808040e+00
   3.3376850e+00
   3.3215580e+00
   3.3305900e+00
   3.3092090e+00
   3.2839280e+00
   3.2925360e+00
   3.3173560e+00
   3.2937580e+00
   3.3064900e+00
   3.3191500e+00
   3.2902490e+00
   3.2900350e+00
   3.2870120e+00
   3.2722060e+00
   3.3117460e+00
   3.2861790e+00
   3.3219540e+00
   3.2781590e+00
   3.2962150e+00
   3.2980230e+00
   3.2855220e+00
   3.2836640e+00
   3.3095800e+00
   3.2868710e+00
   3.2998330e+00
   3.2949770e+00
   3.2627740e+00
   3.3048010e+00
   3.3234210e+00
   3.3090310e+00
   3.2736880e+00
   3.2610360e+00
   3.3019940e+00
   3.3385940e+00
   3.3100580e+00
   3.2931400e+00
   3.2829650e+00
   3.2992960e+00
   3.2818360e+00
   3.2976990e+00
   3.2545840e+00
   3.3165220e+00
   3.3045410e+00
   3.2873330e+00
   3.3209420e+00
   3.2796160e+00
   3.3222200e+00
   3.2785730e+00
   3.3154020e+00
   3.2834040e+00
   3.2692110e+00
   3.2689480e+00
   3.2716070e+00
   3.3143320e+00
   3.2939460e+00
   3.2985130e+00
   3.2926410e+00
   3.2797710e+00
   3.2906980e+00
   3.2919640e+00
   3.2920330e+00
   3.3074010e+00
   3.3202820e+00
   3.3074780e+00
   3.2780590e+00
   3.3192990e+00
   3.3014120e+00
   3.2918130e+00
   3.3304250e+00
   3.3117620e+00
   3.3610340e+00
   3.2858150e+00
   3.3219290e+00
   3.2702730e+00
   3.3221030e+00
   3.3106560e+00
   3.3095940e+00
   3.3073940e+00
   3.2856400e+00
   3.2995980e+00
   3.2877580e+00
   3.3011960e+00
   3.2935980e+00
   3.2889810e+00
   3.2959800e+00
   3.2991930e+00
   3.2915540e+00
   3.2362760e+00
   3.2753310e+00
   3.3240560e+00
   3.3057310e+00
   3.3157970e+00
   3.3155930e+00
   3.2902550e+00
   3.3023380e+00
   3.3078780e+00
   3.3038140e+00
   3.2859310e+00
   3.2945720e+00
   3.2952810e+00
   3.3113060e+00
   3.2918480e+00
   3.2811320e+00
   3.2815280e+00
   3.2637610e+00
   3.2748820e+00
   3.3121490e+00
   3.2828590e+00
   3.2994580e+00
   3.3043020e+00
   3.3036660e+00
   3.2727130e+00
   3.3076260e+00
   3.3025440e+00
   3.2634930e+00
   3.3082290e+00
   3.2845610e+00
   3.2993760e+00
   3.3039050e+00
   3.2899480e+00
   3.3086910e+00
   3.2643780e+00
   3.2976410e+00
   3.3145560e+00
   3.3118950e+00
   3.2782990e+00
   3.3033530e+00
   3.3095820e+00
   3.2892830e+00
   3.2957810e+00
   3.2973860e+00
   3.3082410e+00
   3.3044780e+00
   3.2951580e+00
   3.2808070e+00
   3.2952450e+00
   3.3063310e+00
   3.2642640e+00
   3.3026670e+00
   3.2863000e+00
   3.2904140e+00
   3.2813790e+00
   3.2920870e+00
   3.3208910e+00
   3.3150600e+00
   3.2833510e+00
   3.2822920e+00
   3.2856070e+00
   3.2902200e+00
   3.3166000e+00
   3.3067920e+00
   3.3200350e+00
   3.3009670e+00
   3.3034480e+00
   3.3139960e+00
   3.3131580e+00
   3.2946440e+00
   3.2928200e+00
   3.2946590e+00
   3.3284800e+00
   3.3254610e+00
   3.2617930e+00
   3.2899140e+00
   3.3334840e+00
   3.2968920e+00
   3.2831310e+00
   3.2880320e+00
   3.3137890e+00
   3.3252160e+00
   3.3223370e+00
   3.3254140e+00
   3.2938840e+00
   3.2842080e+00
   3.3135510e+00
   3.2844600e+00
   3.2981470e+00
   3.3066630e+00
   3.3215950e+00
   3.2842590e+00
   3.2892860e+00
   3.2988170e+00
   3.3075320e+00
   3.2545670e+00
   3.2895950e+00
   3.2887720e+00
   3.2930220e+00
   3.3048540e+00
   3.3079910e+00
   3.2901510e+00
   3.3024890e+00
   3.3243930e+00
   3.2730950e+00
   3.2959090e+00
   3.2974640e+00
   3.2931130e+00
   3.2956310e+00
   3.3012850e+00
   3.3111220e+00
   3.2914450e+00
   3.3115410e+00
   3.3020020e+00
   3.3116830e+00
   3.2846080e+00
   3.3055320e+00
   3.3084970e+00
   3.2617930e+00
   3.3046560e+00
   3.3017750e+00
   3.2850870e+00
   3.2669320e+00
   3.2878080e+00
   3.2723600e+00
   3.2717820e+00
   3.3132860e+00
   3.3152360e+00
   3.2723750e+00
   3.2930530e+00
   3.3167250e+00
   3.2766780e+00
   3.2816280e+00
   3.3049410e+00
   3.2569210e+00
   3.3057230e+00
   3.3041700e+00
   3.2980620e+00
   3.2704090e+00
   3.2959020e+00
   3.2938850e+00
   3.2965600e+00
   3.3062430e+00
   3.3044520e+00
   3.2948760e+00
   3.3149520e+00
   3.2874180e+00
   3.3130940e+00
   3.3101780e+00
   3.2580440e+00
   3.3047320e+00
   3.2931830e+00
   3.3040310e+00
   3.3031340e+00
   3.3121120e+00
   3.3404250e+00
   3.2949440e+00
   3.3209490e+00
   3.3108230e+00
   3.2778980e+00
   3.3050330e+00
   3.3029300e+00
   3.2926210e+00
   3.3075810e+00
   3.2792050e+00
   3.3184810e+00
   3.2882300e+00
   3.3347710e+00
   3.3289850e+00
   3.3132580e+00
   3.2848970e+00
   3.2923830e+00
   3.2985700e+00
   3.2825990e+00
   3.2896550e+00
   3.3127600e+00
   3.2839320e+00
   3.2911840e+00
   3.3134040e+00
   3.2671310e+00
   3.3102200e+00
   3.2925030e+00
   3.2764370e+00
   3.3212370e+00
   3.3232530e+00
   3.3151350e+00
   3.2844620e+00
   3.2932170e+00
   3.2902490e+00
   3.2954490e+00
   3.2903430e+00
   3.3105720e+00
   3.2880200e+00
   3.2904720e+00
   3.3046030e+00
   3.3004000e+00
   3.2769730e+00
   3.2859310e+00
   3.2883750e+00
   3.3168940e+00
   3.2795360e+00
   3.3010250e+00
   3.2758190e+00
   3.3153560e+00
   3.3119470e+00
   3.3008720e+00
   3.2877290e+00
   3.3007970e+00
   3.2733200e+00
   3.2944900e+00
   3.3042670e+00
   3.3033950e+00
   3.3068860e+00
   3.3154490e+00
   3.2988550e+00
   3.3018580e+00
   3.2992730e+00
   3.2876230e+00
   3.3010020e+00
   3.3171740e+00
   3.2912960e+00
   3.2776980e+00
   3.3068220e+00
   3.3170900e+00
   3.2852610e+00
   3.2723490e+00
   3.2871460e+00
   3.2581740e+00
   3.2982360e+00
   3.3227340e+00
   3.2902200e+00
   3.3167000e+00
   3.2604340e+00
   3.3013820e+00
   3.2869740e+00
   3.3054510e+00
   3.3240600e+00
   3.2915260e+00
   3.2795250e+00
   3.3113990e+00
   3.3055520e+00
   3.3137380e+00
   3.2654380e+00
   3.3021210e+00
   3.3280780e+00
   3.2647090e+00
   3.2864340e+00
   3.3022180e+00
   3.2824620e+00
   3.3029070e+00
   3.3206920e+00
   3.2965930e+00
   3.2900170e+00
   3.2681870e+00
   3.3093390e+00
   3.2841100e+00
   3.2798050e+00
   3.2987200e+00
   3.2794140e+00
   3.2898960e+00
   3.2704840e+00
   3.3314450e+00
   3.2777360e+00
   3.2994720e+00
   3.2886630e+00
   3.3233250e+00
   3.3132040e+00
   3.3255100e+00
   3.2981230e+00
   3.2785080e+00
   3.2655640e+00
   3.3006710e+00
   3.3167340e+00
   3.2980880e+00
   3.2958830e+00
   3.3353770e+00
   3.3305670e+00
   3.3212590e+00
   3.3067300e+00
   3.2859960e+00
   3.2907650e+00
   3.2747150e+00
   3.3229410e+00
   3.3201380e+00
   3.3036310e+00
   3.2844270e+00
   3.2990910e+00
   3.2829160e+00
   3.3110590e+00
   3.3109940e+00
   3.2915660e+00
   3.2730990e+00
   3.3197410e+00
   3.2891360e+00
   3.3002570e+00
   3.2940320e+00
   3.2895580e+00
   3.2942840e+00
   3.3174560e+00
   3.2898840e+00
   3.2990240e+00
   3.2736100e+00
   3.3191990e+00
   3.2934220e+00
   3.2738920e+00
   3.2925380e+00
   3.2951850e+00
   3.2806520e+00
   3.3217070e+00
   3.2906620e+00
   3.2891700e+00
   3.3097330e+00
   3.3069570e+00
   3.2975040e+00
   3.2722290e+00
   3.3219980e+00
   3.3077290e+00
   3.3175590e+00
   3.3161770e+00
   3.3051860e+00
   3.3082280e+00
   3.2868460e+00
   3.2924220e+00
   3.2727770e+00
   3.2908830e+00
   3.2897280e+00
   3.2932030e+00
   3.2802030e+00
   3.2951930e+00
   3.3067620e+00
   3.2968060e+00
   3.2582060e+00
   3.3032830e+00
   3.3428220e+00
   3.2914060e+00
   3.2835640e+00
   3.3134010e+00
   3.2729510e+00
   3.3021270e+00
   3.2998890e+00
   3.2935150e+00
   3.3007130e+00
   3.2988290e+00
   3.3112300e+00
   3.2666990e+00
   3.3032590e+00
   3.2916640e+00
   3.2979010e+00
   3.2793440e+00
   3.3214110e+00
   3.3115840e+00
   3.3156890e+00
   3.2904370e+00
   3.2955410e+00
   3.3204380e+00
   3.2728750e+00
   3.2920420e+00
   3.3032320e+00
   3.2781740e+00
   3.2928270e+00
   3.3028740e+00
   3.2895850e+00
   3.2977900e+00
   3.2974650e+00
   3.3097770e+00
   3.3094330e+00
   3.2894310e+00
   3.2836810e+00
   3.3037840e+00
   3.3105600e+00
   3.2841270e+00
   3.3171350e+00
   3.3169280e+00
   3.2836720e+00
   3.2929660e+00
   3.3050010e+00
   3.3162740e+00
   3.3017230e+00
