   0.0000000e+00
  -9.9550000e-03
  -1.5295000e-02
   1.0136000e-02
   1.3915000e-02
  -7.6490000e-03
  -6.4680000e-03
   4.6070000e-03
  -3.9040000e-03
   2.4296000e-02
   5.4190000e-03
  -1.4494000e-02
   2.8639000e-02
  -1.6279000e-02
   2.1290000e-03
   2.2044000e-02
   2.1661000e-02
  -9.8770000e-03
   1.3402000e-02
   7.6140000e-03
   7.3000000e-05
   1.2314000e-02
   2.3899000e-02
   4.5670000e-02
   3.1380000e-03
   2.5149000e-02
   1.2292000e-02
  -1.1919000e-02
   6.9500000e-04
   2.1517000e-02
   2.6029000e-02
   4.1903000e-02
   4.0840000e-02
   1.3356000e-02
   1.7521000e-02
   2.0902000e-02
   2.3401000e-02
   2.9961000e-02
   3.2057000e-02
   2.7816000e-02
   2.7452000e-02
   5.3083000e-02
   3.8151000e-02
   5.6822000e-02
   4.1969000e-02
   2.4909000e-02
   5.8911000e-02
   1.9913000e-02
   8.5338000e-02
   3.3593000e-02
   6.0896000e-02
   5.3631000e-02
   6.5856000e-02
   5.5827000e-02
   4.3014000e-02
   5.5606000e-02
   4.9901000e-02
   5.2538000e-02
   6.9762000e-02
   7.8872000e-02
   7.5609000e-02
   3.9888000e-02
   4.4311000e-02
   5.3810000e-02
   9.0952000e-02
   1.1410700e-01
   9.2613000e-02
   7.8900000e-02
   7.8865000e-02
   7.0011000e-02
   4.8485000e-02
   8.1311000e-02
   1.1826900e-01
   1.1123500e-01
   1.2596700e-01
   1.3900800e-01
   1.1665400e-01
   7.8440000e-02
   7.8502000e-02
   1.4124700e-01
   1.2419600e-01
   1.2927300e-01
   1.3755000e-01
   1.2182900e-01
   1.3976800e-01
   1.4639600e-01
   1.1658000e-01
   1.1259000e-01
   1.2698900e-01
   1.2303900e-01
   1.2567500e-01
   9.3043000e-02
   1.4204300e-01
   1.3404600e-01
   1.3177100e-01
   1.6416200e-01
   1.4270700e-01
   1.4161300e-01
   1.6936200e-01
   1.5963500e-01
   1.7290800e-01
   1.6519400e-01
   1.3825000e-01
   1.7223900e-01
   1.7498700e-01
   1.7872500e-01
   1.7806300e-01
   1.9091000e-01
   1.7835300e-01
   1.7651000e-01
   1.5835500e-01
   2.0979700e-01
   1.7774600e-01
   1.8062800e-01
   1.8546100e-01
   1.7063800e-01
   2.2671200e-01
   2.1457700e-01
   2.3210200e-01
   2.2429800e-01
   2.2697700e-01
   1.8681400e-01
   2.1926500e-01
   2.4523000e-01
   1.8355200e-01
   2.2128800e-01
   2.3083500e-01
   2.0867100e-01
   2.6661000e-01
   2.2154200e-01
   2.3156000e-01
   2.4592200e-01
   2.3556600e-01
   2.3598900e-01
   2.9121500e-01
   2.7224000e-01
   2.8832800e-01
   2.6030100e-01
   3.0428500e-01
   2.8432600e-01
   3.0574600e-01
   2.7020500e-01
   2.9522000e-01
   2.8875100e-01
   2.8197100e-01
   3.1968900e-01
   3.1619900e-01
   3.0721400e-01
   3.2346900e-01
   2.9395400e-01
   3.0691700e-01
   3.1890300e-01
   3.1478300e-01
   2.9705100e-01
   3.3790100e-01
   3.4547200e-01
   3.3990800e-01
   3.3340000e-01
   3.5066300e-01
   3.3172500e-01
   3.6333800e-01
   3.8324500e-01
   3.8765800e-01
   3.5388700e-01
   3.4160600e-01
   3.4255100e-01
   3.7891400e-01
   3.8863800e-01
   3.8444600e-01
   3.6200100e-01
   3.6433000e-01
   4.1489800e-01
   3.8650000e-01
   3.9664900e-01
   4.3053600e-01
   4.0720500e-01
   3.8061300e-01
   3.8219800e-01
   4.2948700e-01
   4.1116600e-01
   4.1483300e-01
   4.2252300e-01
   4.5488600e-01
   4.2441100e-01
   3.8552800e-01
   4.3716400e-01
   4.3520700e-01
   4.1754700e-01
   4.1490600e-01
   4.2393500e-01
   4.3716900e-01
   4.9119800e-01
   4.5509800e-01
   4.5810600e-01
   4.6296300e-01
   4.5369300e-01
   4.9995900e-01
   4.8088200e-01
   4.8327900e-01
   4.6321100e-01
   4.7974000e-01
   4.8877100e-01
   4.9009000e-01
   4.8863900e-01
   5.1405700e-01
   5.1576500e-01
   4.8419700e-01
   5.2816800e-01
   5.0473900e-01
   5.0608600e-01
   5.1007000e-01
   5.4492600e-01
   5.3657300e-01
   5.1306700e-01
   5.2292500e-01
   5.5925200e-01
   5.4558700e-01
   5.6367900e-01
   5.7212300e-01
   5.5805500e-01
   5.5904300e-01
   5.5740400e-01
   5.6603200e-01
   5.7596500e-01
   5.9349000e-01
   5.7839500e-01
   5.6860000e-01
   5.8498500e-01
   5.3409400e-01
   5.3724400e-01
   6.0161200e-01
   5.9406100e-01
   6.1160700e-01
   5.8396800e-01
   5.9729500e-01
   6.3245900e-01
   6.3659500e-01
   5.9175000e-01
   6.0050600e-01
   6.5418400e-01
   6.5659300e-01
   6.7912600e-01
   6.5033400e-01
   6.6283800e-01
   6.4830800e-01
   6.5791400e-01
   6.6331500e-01
   6.3356000e-01
   6.8032000e-01
   6.6709800e-01
   6.7633000e-01
   6.8774500e-01
   6.9074700e-01
   6.4352400e-01
   6.7114200e-01
   6.9424900e-01
   7.0124400e-01
   7.0095300e-01
   6.8195300e-01
   7.0725800e-01
   6.9342100e-01
   7.4225900e-01
   7.2948800e-01
   7.1922700e-01
   7.3941500e-01
   7.3055000e-01
   7.2648200e-01
   7.2377700e-01
   7.2089800e-01
   7.3465100e-01
   7.6209600e-01
   7.1812800e-01
   7.6573200e-01
   7.1802300e-01
   7.6267400e-01
   7.6042000e-01
   7.8709800e-01
   7.8000200e-01
   8.1927200e-01
   7.8858900e-01
   7.8917800e-01
   7.9055600e-01
   8.0153900e-01
   7.7757100e-01
   8.0108400e-01
   7.9948400e-01
   8.4808300e-01
   8.3590300e-01
   8.1076500e-01
   8.3406600e-01
   7.8920300e-01
   8.4941900e-01
   8.2795200e-01
   8.1451200e-01
   8.6891700e-01
   8.4490800e-01
   8.3489300e-01
   8.7135000e-01
   8.7365300e-01
   8.4886100e-01
   8.7793400e-01
   8.5817300e-01
   8.7289800e-01
   8.4345900e-01
   8.6636000e-01
   8.8686800e-01
   9.0332100e-01
   8.8549600e-01
   9.0719100e-01
   8.9830200e-01
   8.8880700e-01
   9.2871000e-01
   9.3309700e-01
   9.2121200e-01
   9.5169900e-01
   9.2304300e-01
   9.5262500e-01
   9.3414900e-01
   9.4999400e-01
   9.6063600e-01
   9.5474900e-01
   9.5989500e-01
   9.8150700e-01
   9.3556500e-01
   9.7605600e-01
   9.6581100e-01
   9.8525000e-01
   1.0063290e+00
   9.7285900e-01
   9.9792100e-01
   1.0042430e+00
   9.8451400e-01
   9.6857400e-01
   1.0034590e+00
   1.0012550e+00
   9.7422600e-01
   1.0083030e+00
   1.0105310e+00
   1.0400080e+00
   9.9637700e-01
   1.0264270e+00
   9.9586800e-01
   1.0365750e+00
   1.0375430e+00
   1.0269830e+00
   1.0215560e+00
   1.0221070e+00
   1.0500570e+00
   1.0167460e+00
   1.0772230e+00
   1.0370720e+00
   1.0452190e+00
   1.0881170e+00
   1.0927600e+00
   1.0605970e+00
   1.0926280e+00
   1.0734550e+00
   1.1103580e+00
   1.1085240e+00
   1.0821340e+00
   1.1042850e+00
   1.1088020e+00
   1.1247030e+00
   1.1231260e+00
   1.1144500e+00
   1.1431400e+00
   1.1285180e+00
   1.1130850e+00
   1.1134010e+00
   1.1061870e+00
   1.1608020e+00
   1.1441160e+00
   1.1401650e+00
   1.1684300e+00
   1.1617400e+00
   1.1316740e+00
   1.1756420e+00
   1.1859870e+00
   1.1745090e+00
   1.1759060e+00
   1.1635820e+00
   1.1984110e+00
   1.1612560e+00
   1.1857540e+00
   1.1716100e+00
   1.1531110e+00
   1.2084430e+00
   1.1779240e+00
   1.2145190e+00
   1.2468010e+00
   1.1923360e+00
   1.2301730e+00
   1.2228600e+00
   1.2140530e+00
   1.2518330e+00
   1.2710650e+00
   1.2353950e+00
   1.2517550e+00
   1.2438180e+00
   1.2772180e+00
   1.2616860e+00
   1.2675900e+00
   1.2896170e+00
   1.2881700e+00
   1.2642170e+00
   1.2614780e+00
   1.3118700e+00
   1.2828760e+00
   1.2574220e+00
   1.2846730e+00
   1.2956220e+00
   1.3118430e+00
   1.2953920e+00
   1.2749430e+00
   1.3341190e+00
   1.3404770e+00
   1.3625380e+00
   1.3325780e+00
   1.3344660e+00
   1.3306530e+00
   1.3577450e+00
   1.3572030e+00
   1.3422220e+00
   1.3509820e+00
   1.3340210e+00
   1.3438550e+00
   1.3734530e+00
   1.3383980e+00
   1.3722750e+00
   1.4091740e+00
   1.3952740e+00
   1.3905010e+00
   1.3980430e+00
   1.3979040e+00
   1.3909040e+00
   1.3705370e+00
   1.4002460e+00
   1.4305390e+00
   1.4147790e+00
   1.3915720e+00
   1.4030180e+00
   1.4073190e+00
   1.4753990e+00
   1.4229360e+00
   1.4599620e+00
   1.4209210e+00
   1.4495550e+00
   1.4249810e+00
   1.4649630e+00
   1.4437330e+00
   1.4468340e+00
   1.4859930e+00
   1.4612760e+00
   1.4508470e+00
   1.4782600e+00
   1.4665470e+00
   1.5161040e+00
   1.4840640e+00
   1.4909690e+00
   1.4715130e+00
   1.5441710e+00
   1.5029380e+00
   1.4938110e+00
   1.4694180e+00
   1.5019890e+00
   1.5362590e+00
   1.5247040e+00
   1.5466810e+00
   1.5011020e+00
   1.5480100e+00
   1.5242860e+00
   1.5474370e+00
   1.5758810e+00
   1.5648050e+00
   1.5614770e+00
   1.5745970e+00
   1.5687860e+00
   1.5919590e+00
   1.5634370e+00
   1.5510800e+00
   1.5829550e+00
   1.5676780e+00
   1.5797060e+00
   1.5898560e+00
   1.6051840e+00
   1.6217090e+00
   1.6250990e+00
   1.6320950e+00
   1.6424640e+00
   1.5932380e+00
   1.6314300e+00
   1.6303730e+00
   1.5888290e+00
   1.6547790e+00
   1.6250340e+00
   1.6351420e+00
   1.6348050e+00
   1.6342770e+00
   1.6496870e+00
   1.7003710e+00
   1.6536410e+00
   1.6673670e+00
   1.6826820e+00
   1.6751700e+00
   1.6706070e+00
   1.6808860e+00
   1.6957830e+00
   1.7111350e+00
   1.7049380e+00
   1.7293820e+00
   1.7059410e+00
   1.6891950e+00
   1.7160680e+00
   1.7235260e+00
   1.7159430e+00
   1.7294490e+00
   1.7449350e+00
   1.7028970e+00
   1.7299650e+00
   1.7404580e+00
   1.7532990e+00
   1.7242160e+00
   1.7500580e+00
   1.7338420e+00
   1.7712550e+00
   1.7425380e+00
   1.7801970e+00
   1.7592240e+00
   1.7672080e+00
   1.7685930e+00
   1.7839800e+00
   1.7777700e+00
   1.7811370e+00
   1.8086560e+00
   1.7816340e+00
   1.8211420e+00
   1.8247680e+00
   1.8098100e+00
   1.8233040e+00
   1.8268120e+00
   1.8017880e+00
   1.8715560e+00
   1.8508090e+00
   1.8407710e+00
   1.7903380e+00
   1.8234130e+00
   1.8245250e+00
   1.8537860e+00
   1.8730420e+00
   1.8406630e+00
   1.8580640e+00
   1.8708630e+00
   1.8606540e+00
   1.8666790e+00
   1.8851770e+00
   1.8920660e+00
   1.9369220e+00
   1.9126660e+00
   1.9162630e+00
   1.9075130e+00
   1.9279170e+00
   1.8834450e+00
   1.9221740e+00
   1.9236480e+00
   1.9081490e+00
   1.9353620e+00
   1.9450760e+00
   1.9224870e+00
   1.9692080e+00
   1.9435330e+00
   1.9346950e+00
   1.9531620e+00
   1.9273070e+00
   1.9448760e+00
   1.9537430e+00
   1.9740690e+00
   1.9529270e+00
   1.9741050e+00
   1.9478820e+00
   2.0031010e+00
   2.0047830e+00
   1.9999630e+00
   1.9730440e+00
   2.0214340e+00
   1.9996450e+00
   1.9821300e+00
   2.0154900e+00
   2.0363700e+00
   2.0075730e+00
   2.0391590e+00
   2.0345850e+00
   1.9957740e+00
   2.0307790e+00
   2.0554280e+00
   2.0324950e+00
   2.0645720e+00
   2.0196420e+00
   2.0903810e+00
   2.0594790e+00
   2.0646590e+00
   2.0782120e+00
   2.0667660e+00
   2.0612680e+00
   2.0892870e+00
   2.1038670e+00
   2.0687250e+00
   2.1018770e+00
   2.1049410e+00
   2.0953670e+00
   2.1156830e+00
   2.1036890e+00
   2.1264310e+00
   2.0939540e+00
   2.0787930e+00
   2.1239320e+00
   2.1190000e+00
   2.1120700e+00
   2.1268340e+00
   2.1630540e+00
   2.1591510e+00
   2.1727080e+00
   2.1331090e+00
   2.1784320e+00
   2.1329400e+00
   2.1631730e+00
   2.1542590e+00
   2.1816970e+00
   2.1603100e+00
   2.2010540e+00
   2.1916570e+00
   2.2183310e+00
   2.2186290e+00
   2.1540680e+00
   2.1858940e+00
   2.1897330e+00
   2.1889400e+00
