   0.0000000e+00
   1.8911000e-02
   1.6077000e-02
  -1.1745000e-02
  -3.6878000e-02
   2.0947000e-02
   1.7520000e-03
   3.7310000e-03
  -9.8670000e-03
   2.0274000e-02
  -1.2729000e-02
   4.8472000e-02
  -7.8600000e-03
   4.0670000e-03
  -2.4554000e-02
   2.5878000e-02
   5.7640000e-03
   9.3740000e-03
  -1.0764000e-02
   3.1080000e-02
   2.6540000e-02
   1.4754000e-02
   2.4658000e-02
   2.9029000e-02
  -2.1840000e-03
   1.3059000e-02
   1.6105000e-02
   1.6276000e-02
   3.1472000e-02
   2.0880000e-02
   7.1370000e-03
   1.7672000e-02
   3.2375000e-02
   3.6450000e-03
   1.1582000e-02
   2.5222000e-02
   2.5991000e-02
   4.2289000e-02
   4.5277000e-02
   4.5637000e-02
   6.1659000e-02
   7.8358000e-02
   6.8975000e-02
   2.7681000e-02
   1.8601000e-02
   2.6065000e-02
   5.3925000e-02
   4.0297000e-02
   3.1895000e-02
   4.7558000e-02
   2.7880000e-02
   6.5116000e-02
   4.7228000e-02
   5.7222000e-02
   6.7943000e-02
   3.5690000e-02
   5.1958000e-02
   6.8645000e-02
   8.2575000e-02
   6.3825000e-02
   7.4955000e-02
   6.1403000e-02
   1.0053900e-01
   9.7836000e-02
   1.3728500e-01
   7.7782000e-02
   6.2036000e-02
   7.8218000e-02
   9.7290000e-02
   8.4217000e-02
   3.1033000e-02
   1.1781300e-01
   1.1108300e-01
   1.1437900e-01
   8.3744000e-02
   1.2404000e-01
   1.1697200e-01
   1.4328800e-01
   1.2910600e-01
   1.3640300e-01
   1.2015100e-01
   1.4266500e-01
   1.3070000e-01
   1.2939100e-01
   1.3062500e-01
   1.6793900e-01
   1.3143600e-01
   1.2324400e-01
   1.6634100e-01
   1.5461300e-01
   1.5129800e-01
   1.4978200e-01
   1.5890700e-01
   1.5600900e-01
   1.7793700e-01
   1.6337700e-01
   1.5038000e-01
   1.4461600e-01
   1.3436600e-01
   1.5682000e-01
   1.9484000e-01
   1.6692100e-01
   1.6024800e-01
   1.7787100e-01
   2.1084700e-01
   1.8975600e-01
   1.8921200e-01
   1.8493400e-01
   2.0729600e-01
   2.1427000e-01
   1.8863900e-01
   2.2833600e-01
   2.0964700e-01
   2.2948400e-01
   2.1361200e-01
   2.2036200e-01
   2.5371300e-01
   2.4313100e-01
   2.5147600e-01
   2.3973800e-01
   2.4700800e-01
   2.4050500e-01
   2.5767500e-01
   2.5977100e-01
   2.3752900e-01
   2.4518600e-01
   2.6717900e-01
   2.7230700e-01
   2.3828400e-01
   2.7628800e-01
   2.9625100e-01
   2.6284300e-01
   2.6450600e-01
   2.6761600e-01
   2.7928300e-01
   3.0980800e-01
   3.0717300e-01
   2.8673600e-01
   3.0415800e-01
   3.2501600e-01
   3.0786900e-01
   3.4410500e-01
   3.0435500e-01
   3.1012300e-01
   3.2825300e-01
   3.2361800e-01
   3.2124000e-01
   3.5353000e-01
   3.2156600e-01
   3.5080700e-01
   3.2270500e-01
   3.5808300e-01
   3.7158000e-01
   3.7467000e-01
   3.5142900e-01
   3.7613200e-01
   3.9563100e-01
   3.6644800e-01
   3.5844700e-01
   3.8561300e-01
   4.0722600e-01
   4.0027400e-01
   3.8797700e-01
   3.8080300e-01
   3.7856700e-01
   4.0899000e-01
   4.1546500e-01
   4.2460100e-01
   4.1772700e-01
   4.4127700e-01
   4.3534700e-01
   4.3941100e-01
   4.3488900e-01
   4.5168300e-01
   4.5230200e-01
   4.4653800e-01
   4.6779800e-01
   4.2825400e-01
   4.8941100e-01
   4.9433100e-01
   4.7879900e-01
   4.9268300e-01
   5.0090400e-01
   4.8554700e-01
   4.8942100e-01
   5.1010600e-01
   4.7306500e-01
   5.0792000e-01
   5.0614600e-01
   5.1541000e-01
   5.0568800e-01
   5.1855400e-01
   5.0416700e-01
   5.4065300e-01
   5.5698000e-01
   5.2141400e-01
   5.6642500e-01
   5.3846400e-01
   5.5825000e-01
   5.5027400e-01
   5.6541700e-01
   5.8428500e-01
   5.5526400e-01
   5.8153300e-01
   6.0277800e-01
   5.8769400e-01
   6.1333000e-01
   5.8851500e-01
   5.7149600e-01
   6.2453300e-01
   6.2601100e-01
   6.1880300e-01
   6.2644000e-01
   6.0028300e-01
   6.1200400e-01
   6.3551300e-01
   6.2494800e-01
   6.7484900e-01
   6.2423000e-01
   6.5916700e-01
   6.5656800e-01
   6.2792500e-01
   6.7419800e-01
   6.5053300e-01
   6.5976500e-01
   6.6765800e-01
   6.8539600e-01
   6.8967100e-01
   6.8227000e-01
   7.1358300e-01
   7.0187600e-01
   6.6719500e-01
   7.4270200e-01
   6.9078300e-01
   7.2580100e-01
   7.0828700e-01
   6.9047000e-01
   7.3868400e-01
   7.3027200e-01
   7.4458500e-01
   7.3268800e-01
   7.4748800e-01
   7.5455500e-01
   7.7447400e-01
   7.7243000e-01
   7.7075400e-01
   7.9720600e-01
   8.0860800e-01
   7.9791400e-01
   8.0671000e-01
   8.1507700e-01
   8.1388500e-01
   8.1361100e-01
   8.3778200e-01
   8.3165900e-01
   8.1378900e-01
   8.2798000e-01
   8.0933600e-01
   8.1854900e-01
   8.3606800e-01
   8.4938200e-01
   8.5849000e-01
   8.5879300e-01
   8.8270600e-01
   8.6661100e-01
   8.6782400e-01
   8.8333800e-01
   9.0723500e-01
   8.7875400e-01
   8.8593800e-01
   8.9505200e-01
   8.8342600e-01
   9.0885000e-01
   8.7071200e-01
   9.1372400e-01
   9.0577200e-01
   9.1122600e-01
   9.2938700e-01
   9.0973400e-01
   9.7037200e-01
   9.4779400e-01
   9.3024400e-01
   9.5910200e-01
   9.7503100e-01
   9.6836000e-01
   9.2864000e-01
   9.8630800e-01
   1.0092200e+00
   9.6732600e-01
   9.7581100e-01
   9.7443100e-01
   9.9577300e-01
   1.0051710e+00
   1.0063760e+00
   1.0302010e+00
   1.0366060e+00
   1.0275320e+00
   1.0385740e+00
   1.0283980e+00
   1.0406170e+00
   1.0327950e+00
   1.0591470e+00
   1.0778540e+00
   1.0521560e+00
   1.0749130e+00
   1.0929430e+00
   1.0457140e+00
   1.0812160e+00
   1.0614330e+00
   1.1217030e+00
   1.1192520e+00
   1.0861370e+00
   1.1099510e+00
   1.1384370e+00
   1.1368320e+00
   1.1019840e+00
   1.1238390e+00
   1.1478790e+00
   1.1317860e+00
   1.1326520e+00
   1.1579370e+00
   1.1855020e+00
   1.1546510e+00
   1.1808270e+00
   1.1659360e+00
   1.1789060e+00
   1.2057280e+00
   1.1925520e+00
   1.2005360e+00
   1.1854060e+00
   1.2304190e+00
   1.1905400e+00
   1.2190950e+00
   1.2350420e+00
   1.2279730e+00
   1.2508290e+00
   1.2197070e+00
   1.2477900e+00
   1.2392070e+00
   1.2689570e+00
   1.2418710e+00
   1.2460320e+00
   1.2655620e+00
   1.2313140e+00
   1.2821960e+00
   1.2959980e+00
   1.3024370e+00
   1.2938140e+00
   1.3160350e+00
   1.2938790e+00
   1.3285940e+00
   1.3278930e+00
   1.3353220e+00
   1.3239150e+00
   1.3426190e+00
   1.3224630e+00
   1.3735120e+00
   1.3255620e+00
   1.3536450e+00
   1.3589080e+00
   1.3654200e+00
   1.3872480e+00
   1.3905810e+00
   1.3598280e+00
   1.3821470e+00
   1.4028140e+00
   1.4114360e+00
   1.4187380e+00
   1.3879870e+00
   1.4345890e+00
   1.3970180e+00
   1.4402770e+00
   1.4593700e+00
   1.4620270e+00
   1.4359020e+00
   1.4404860e+00
   1.4697300e+00
   1.4456890e+00
   1.4623740e+00
   1.4946850e+00
   1.4595580e+00
   1.4707180e+00
   1.5314410e+00
   1.4792260e+00
   1.5087680e+00
   1.4858060e+00
   1.5261440e+00
   1.5203840e+00
   1.5351430e+00
   1.5170890e+00
   1.5338170e+00
   1.5294610e+00
   1.4993160e+00
   1.5203880e+00
   1.5466140e+00
   1.5699180e+00
   1.5656690e+00
   1.5666350e+00
   1.5593860e+00
   1.5495330e+00
   1.5825680e+00
   1.6033460e+00
   1.5750520e+00
   1.5970110e+00
   1.6044220e+00
   1.5950910e+00
   1.5996200e+00
   1.6159810e+00
   1.6747200e+00
   1.6358670e+00
   1.6791950e+00
   1.6363560e+00
   1.6363290e+00
   1.6326190e+00
   1.6491600e+00
   1.6805300e+00
   1.6774300e+00
   1.6975440e+00
   1.6404560e+00
   1.6958130e+00
   1.6988010e+00
   1.6625040e+00
   1.6800570e+00
   1.7422320e+00
   1.7231540e+00
   1.7327480e+00
   1.7348200e+00
   1.7187580e+00
   1.6846360e+00
   1.7285500e+00
   1.7816540e+00
   1.7597600e+00
   1.7420150e+00
   1.7600890e+00
   1.7593780e+00
   1.7852730e+00
   1.7679330e+00
   1.7830420e+00
   1.7944370e+00
   1.8010460e+00
   1.7972020e+00
   1.8194180e+00
   1.7637670e+00
   1.8468890e+00
   1.8410860e+00
   1.8094150e+00
   1.8370970e+00
   1.8286340e+00
   1.8669390e+00
   1.8547460e+00
   1.8627010e+00
   1.8691800e+00
   1.8524510e+00
   1.8632610e+00
   1.8657930e+00
   1.8853050e+00
   1.9119690e+00
   1.8770830e+00
   1.8860520e+00
   1.8594070e+00
   1.9362680e+00
   1.9117820e+00
   1.9365410e+00
   1.9097250e+00
   1.9354640e+00
   1.9226640e+00
   1.9246010e+00
   1.9626480e+00
   1.9436590e+00
   1.9478420e+00
   1.9549490e+00
   1.9527990e+00
   1.9622920e+00
   1.9360370e+00
   1.9869500e+00
   1.9866680e+00
   2.0151250e+00
   1.9871060e+00
   1.9820850e+00
   2.0288960e+00
   2.0392290e+00
   2.0032500e+00
   2.0746320e+00
   2.0432840e+00
   2.0493300e+00
   2.0319620e+00
   2.0795480e+00
   2.0730210e+00
   2.0360800e+00
   2.0422270e+00
   2.1070230e+00
   2.0738290e+00
   2.0981320e+00
   2.0740440e+00
   2.1051510e+00
   2.1192010e+00
   2.1207080e+00
   2.0941290e+00
   2.1297900e+00
   2.1622320e+00
   2.1373650e+00
   2.1284800e+00
   2.1637960e+00
   2.1478190e+00
   2.1640280e+00
   2.1702950e+00
   2.1531010e+00
   2.1820200e+00
   2.1812670e+00
   2.2007420e+00
   2.1907550e+00
   2.2092440e+00
   2.2090730e+00
   2.2206820e+00
   2.2146810e+00
   2.2161120e+00
   2.2333890e+00
   2.2315650e+00
   2.2269010e+00
   2.2404320e+00
   2.2461330e+00
   2.2542270e+00
   2.2814950e+00
   2.2608500e+00
   2.2507930e+00
   2.3040980e+00
   2.2964900e+00
   2.2702370e+00
   2.3075660e+00
   2.3109240e+00
   2.2807050e+00
   2.2936160e+00
   2.3206470e+00
   2.3212510e+00
   2.3045570e+00
   2.3348450e+00
   2.3109630e+00
   2.3036730e+00
   2.3355650e+00
   2.3414910e+00
   2.3585710e+00
   2.3659490e+00
   2.3756890e+00
   2.4161240e+00
   2.3978780e+00
   2.4187170e+00
   2.4082190e+00
   2.3626750e+00
   2.4382870e+00
   2.4462950e+00
   2.4204670e+00
   2.4332170e+00
   2.4357530e+00
   2.4206290e+00
   2.4320100e+00
   2.4706120e+00
   2.4462180e+00
   2.4769030e+00
   2.4617230e+00
   2.4934160e+00
   2.4521280e+00
   2.5180980e+00
   2.4996570e+00
   2.4842340e+00
   2.4908690e+00
   2.5247670e+00
   2.5291750e+00
   2.5108470e+00
   2.5172330e+00
   2.5386400e+00
   2.5514520e+00
   2.5361580e+00
   2.5383500e+00
   2.5525620e+00
   2.5459700e+00
   2.5490110e+00
   2.5548260e+00
   2.5925320e+00
   2.5679610e+00
   2.5843950e+00
   2.5860370e+00
   2.6166820e+00
   2.5744240e+00
   2.6369640e+00
   2.6078850e+00
   2.6144910e+00
   2.6079600e+00
   2.6389590e+00
   2.6191780e+00
   2.6675570e+00
   2.6371830e+00
   2.6552150e+00
   2.6429070e+00
   2.6635120e+00
   2.6363800e+00
   2.6875870e+00
   2.6775130e+00
   2.6723030e+00
   2.7113600e+00
   2.6840900e+00
   2.6808130e+00
   2.7089540e+00
   2.7193020e+00
   2.7353500e+00
